<?xml version="1.0"?>
<opencv_storage>
<homography type_id="opencv-matrix">
  <rows>3</rows>
  <cols>3</cols>
  <dt>d</dt>
  <data>
    -6.0381577948263182e-02 -1.9460394487556492e+00
    7.4137959113859517e+02 1.7449737170375005e-04
    -1.9699576225405300e+00 7.5179435051372548e+02
    1.7449737170383033e-06 -2.7698528354384009e-03 1.</data></homography>
</opencv_storage>
