<?xml version="1.0"?>
<opencv_storage>
<homography type_id="opencv-matrix">
  <rows>3</rows>
  <cols>3</cols>
  <dt>d</dt>
  <data>
    -2.0324951324082238e-01 -3.3476316098760908e+00
    1.3379319367871863e+03 -1.3959789736309057e-03
    -3.4273589868877332e+00 1.3726478832668047e+03
    1.7449737170382654e-06 -2.7698528354384005e-03 1.</data></homography>
</opencv_storage>
